Episode 1: Total Reward: -934.4869083437868
Info: {'psnr_before': 24.326696395874023, 'psnr_after': 24.32672691345215, 'psnr_change': 3.0517578125e-05, 'psnr_diff': 0.10038375854492188, 'pre_flip_value': 0.77685624, 'state_before': array([[[1, 1, 1, ..., 1, 1, 1],
        [1, 1, 1, ..., 1, 1, 1],
        [1, 1, 1, ..., 1, 1, 1],
        ...,
        [1, 1, 1, ..., 1, 1, 1],
        [1, 1, 1, ..., 1, 1, 1],
        [1, 1, 1, ..., 1, 1, 1]],

       [[1, 1, 1, ..., 0, 1, 1],
        [1, 1, 1, ..., 1, 1, 1],
        [1, 1, 1, ..., 1, 1, 1],
        ...,
        [1, 1, 1, ..., 1, 1, 1],
        [1, 1, 1, ..., 1, 1, 1],
        [1, 1, 1, ..., 1, 1, 1]],

       [[1, 1, 1, ..., 1, 1, 1],
        [1, 1, 1, ..., 1, 1, 1],
        [1, 1, 1, ..., 1, 1, 1],
        ...,
        [1, 1, 1, ..., 1, 1, 0],
        [1, 1, 1, ..., 1, 1, 1],
        [1, 1, 1, ..., 1, 1, 1]],

       ...,

       [[1, 1, 1, ..., 1, 1, 1],
        [1, 1, 1, ..., 1, 1, 1],
        [1, 1, 1, ..., 1, 1, 1],
        ...,
        [1, 1, 1, ..., 1, 1, 1],
        [1, 1, 1, ..., 1, 1, 1],
        [1, 1, 1, ..., 1, 1, 1]],

       [[1, 1, 1, ..., 1, 1, 1],
        [1, 1, 1, ..., 0, 0, 0],
        [1, 1, 1, ..., 1, 0, 0],
        ...,
        [1, 1, 1, ..., 1, 1, 1],
        [1, 1, 1, ..., 1, 1, 1],
        [1, 1, 1, ..., 0, 1, 1]],

       [[1, 1, 0, ..., 0, 0, 1],
        [1, 1, 1, ..., 0, 1, 1],
        [1, 1, 1, ..., 1, 1, 1],
        ...,
        [1, 1, 1, ..., 0, 0, 0],
        [1, 1, 1, ..., 0, 0, 0],
        [1, 1, 1, ..., 0, 0, 1]]], dtype=int8), 'state_after': array([[[1, 1, 1, ..., 1, 1, 1],
        [1, 1, 1, ..., 1, 1, 1],
        [1, 1, 1, ..., 1, 1, 1],
        ...,
        [1, 1, 1, ..., 1, 1, 1],
        [1, 1, 1, ..., 1, 1, 1],
        [1, 1, 1, ..., 1, 1, 1]],

       [[1, 1, 1, ..., 0, 1, 1],
        [1, 1, 1, ..., 1, 1, 1],
        [1, 1, 1, ..., 1, 1, 1],
        ...,
        [1, 1, 1, ..., 1, 1, 1],
        [1, 1, 1, ..., 1, 1, 1],
        [1, 1, 1, ..., 1, 1, 1]],

       [[1, 1, 1, ..., 1, 1, 1],
        [1, 1, 1, ..., 1, 1, 1],
        [1, 1, 1, ..., 1, 1, 1],
        ...,
        [1, 1, 1, ..., 1, 1, 0],
        [1, 1, 1, ..., 1, 1, 1],
        [1, 1, 1, ..., 1, 1, 1]],

       ...,

       [[1, 1, 1, ..., 1, 1, 1],
        [1, 1, 1, ..., 1, 1, 1],
        [1, 1, 1, ..., 1, 1, 1],
        ...,
        [1, 1, 1, ..., 1, 1, 1],
        [1, 1, 1, ..., 1, 1, 1],
        [1, 1, 1, ..., 1, 1, 1]],

       [[1, 1, 1, ..., 1, 1, 1],
        [1, 1, 1, ..., 0, 0, 0],
        [1, 1, 1, ..., 1, 0, 0],
        ...,
        [1, 1, 1, ..., 1, 1, 1],
        [1, 1, 1, ..., 1, 1, 1],
        [1, 1, 1, ..., 0, 1, 1]],

       [[1, 1, 0, ..., 0, 0, 1],
        [1, 1, 1, ..., 0, 1, 1],
        [1, 1, 1, ..., 1, 1, 1],
        ...,
        [1, 1, 1, ..., 0, 0, 0],
        [1, 1, 1, ..., 0, 0, 0],
        [1, 1, 1, ..., 0, 0, 1]]], dtype=int8), 'observation_before': array([[[0.99923503, 0.9999999 , 0.99919015, ..., 0.98041934,
         0.9999411 , 0.9775634 ],
        [0.99998033, 0.9999999 , 0.9999908 , ..., 0.9866942 ,
         0.9990159 , 0.9566578 ],
        [0.99998903, 0.9999993 , 0.99999917, ..., 0.8913827 ,
         0.9875634 , 0.9826591 ],
        ...,
        [0.9999914 , 1.        , 0.99999964, ..., 0.99810493,
         0.99969614, 0.9959455 ],
        [1.        , 1.        , 1.        , ..., 0.9998714 ,
         0.9997656 , 0.99420434],
        [0.9998425 , 0.99999607, 0.9999982 , ..., 0.7818381 ,
         0.9917908 , 0.9968442 ]],

       [[0.998831  , 0.9006305 , 0.8627262 , ..., 0.03827805,
         0.9859118 , 0.9547627 ],
        [0.9999964 , 0.9999994 , 0.99993753, ..., 0.9896846 ,
         0.9988323 , 0.7659014 ],
        [0.98907065, 0.999892  , 1.        , ..., 0.9965681 ,
         0.9343029 , 0.84890515],
        ...,
        [0.954587  , 0.98272574, 0.9982502 , ..., 0.9991653 ,
         0.9923322 , 0.9796444 ],
        [0.94922906, 0.9999944 , 0.9978672 , ..., 0.9356256 ,
         0.74793696, 0.74888474],
        [0.99633396, 0.97143394, 0.98674786, ..., 0.65190214,
         0.9914386 , 0.98934853]],

       [[0.99686605, 0.9999386 , 0.9571837 , ..., 0.9787946 ,
         0.9866682 , 0.95069826],
        [0.99977905, 0.9999721 , 0.9977812 , ..., 0.99051595,
         0.9996681 , 0.9733865 ],
        [0.872986  , 0.99739754, 0.99990857, ..., 0.9980229 ,
         0.98955077, 0.99237764],
        ...,
        [0.91357327, 0.9999759 , 0.9999713 , ..., 0.9802335 ,
         0.8817576 , 0.2547091 ],
        [0.99917704, 0.9999951 , 0.999967  , ..., 0.99806887,
         0.9966612 , 0.7227493 ],
        [0.9994342 , 0.9999161 , 0.9999918 , ..., 0.9805459 ,
         0.9863673 , 0.9939296 ]],

       ...,

       [[0.9997595 , 0.99999297, 0.997468  , ..., 0.99196553,
         0.94763327, 0.9479326 ],
        [0.9982674 , 0.99993896, 0.999977  , ..., 0.99826956,
         0.99748284, 0.9924672 ],
        [0.99990654, 0.99999976, 0.99999523, ..., 0.99878746,
         0.99819934, 0.5225181 ],
        ...,
        [0.99993086, 0.99995744, 0.99999905, ..., 0.99590683,
         0.98113453, 0.99906117],
        [0.99999404, 0.9999995 , 1.        , ..., 0.99718225,
         0.9977118 , 0.9912896 ],
        [0.9986767 , 0.9999994 , 0.99999917, ..., 0.903877  ,
         0.8754955 , 0.95631903]],

       [[0.99884146, 0.9996007 , 0.9997732 , ..., 0.9138871 ,
         0.6381697 , 0.9554293 ],
        [0.92647916, 0.99990904, 0.99999535, ..., 0.1819848 ,
         0.00155636, 0.01968428],
        [0.9997265 , 0.9999808 , 0.99707615, ..., 0.99855536,
         0.00264426, 0.03254778],
        ...,
        [0.99989164, 1.        , 1.        , ..., 0.9195475 ,
         0.9996013 , 0.9486027 ],
        [0.99999475, 1.        , 0.9999999 , ..., 0.99067396,
         0.9985953 , 0.91969573],
        [0.999992  , 0.99992657, 0.9999999 , ..., 0.4984777 ,
         0.99988425, 0.99932885]],

       [[0.9926045 , 0.96647155, 0.18847276, ..., 0.2299453 ,
         0.4106818 , 0.9855745 ],
        [0.99665064, 0.9998913 , 0.955513  , ..., 0.21802703,
         0.9975141 , 0.99594384],
        [0.9042468 , 0.9695062 , 0.9995946 , ..., 0.82429945,
         0.9865797 , 0.98807716],
        ...,
        [0.99408734, 0.9996138 , 0.999992  , ..., 0.17566781,
         0.4710276 , 0.4496486 ],
        [0.99994516, 0.99999857, 0.99044156, ..., 0.30350628,
         0.05711651, 0.02320783],
        [0.998461  , 0.9510788 , 0.9276016 , ..., 0.342306  ,
         0.1897194 , 0.5667173 ]]], dtype=float32), 'observation_after': array([[[[1.        , 1.        , 1.        , ..., 1.        ,
          1.        , 1.        ],
         [1.        , 1.        , 1.        , ..., 1.        ,
          1.        , 1.        ],
         [1.        , 1.        , 1.        , ..., 1.        ,
          1.        , 1.        ],
         ...,
         [1.        , 1.        , 1.        , ..., 1.        ,
          1.        , 1.        ],
         [1.        , 1.        , 1.        , ..., 1.        ,
          1.        , 1.        ],
         [1.        , 1.        , 1.        , ..., 1.        ,
          1.        , 1.        ]],

        [[1.        , 1.        , 1.        , ..., 0.        ,
          1.        , 1.        ],
         [1.        , 1.        , 1.        , ..., 1.        ,
          1.        , 1.        ],
         [1.        , 1.        , 1.        , ..., 1.        ,
          1.        , 1.        ],
         ...,
         [1.        , 1.        , 1.        , ..., 1.        ,
          1.        , 1.        ],
         [1.        , 1.        , 1.        , ..., 1.        ,
          1.        , 1.        ],
         [1.        , 1.        , 1.        , ..., 1.        ,
          1.        , 1.        ]],

        [[1.        , 1.        , 1.        , ..., 1.        ,
          1.        , 1.        ],
         [1.        , 1.        , 1.        , ..., 1.        ,
          1.        , 1.        ],
         [1.        , 1.        , 1.        , ..., 1.        ,
          1.        , 1.        ],
         ...,
         [1.        , 1.        , 1.        , ..., 1.        ,
          1.        , 0.        ],
         [1.        , 1.        , 1.        , ..., 1.        ,
          1.        , 1.        ],
         [1.        , 1.        , 1.        , ..., 1.        ,
          1.        , 1.        ]],

        ...,

        [[1.        , 1.        , 1.        , ..., 1.        ,
          1.        , 1.        ],
         [1.        , 1.        , 1.        , ..., 1.        ,
          1.        , 1.        ],
         [1.        , 1.        , 1.        , ..., 1.        ,
          1.        , 1.        ],
         ...,
         [1.        , 1.        , 1.        , ..., 1.        ,
          1.        , 1.        ],
         [1.        , 1.        , 1.        , ..., 1.        ,
          1.        , 1.        ],
         [1.        , 1.        , 1.        , ..., 1.        ,
          1.        , 1.        ]],

        [[1.        , 1.        , 1.        , ..., 1.        ,
          1.        , 1.        ],
         [1.        , 1.        , 1.        , ..., 0.        ,
          0.        , 0.        ],
         [1.        , 1.        , 1.        , ..., 1.        ,
          0.        , 0.        ],
         ...,
         [1.        , 1.        , 1.        , ..., 1.        ,
          1.        , 1.        ],
         [1.        , 1.        , 1.        , ..., 1.        ,
          1.        , 1.        ],
         [1.        , 1.        , 1.        , ..., 0.        ,
          1.        , 1.        ]],

        [[1.        , 1.        , 0.        , ..., 0.        ,
          0.        , 1.        ],
         [1.        , 1.        , 1.        , ..., 0.        ,
          1.        , 1.        ],
         [1.        , 1.        , 1.        , ..., 1.        ,
          1.        , 1.        ],
         ...,
         [1.        , 1.        , 1.        , ..., 0.        ,
          0.        , 0.        ],
         [1.        , 1.        , 1.        , ..., 0.        ,
          0.        , 0.        ],
         [1.        , 1.        , 1.        , ..., 0.        ,
          0.        , 1.        ]]],


       [[[0.99923503, 0.9999999 , 0.99919015, ..., 0.98041934,
          0.9999411 , 0.9775634 ],
         [0.99998033, 0.9999999 , 0.9999908 , ..., 0.9866942 ,
          0.9990159 , 0.9566578 ],
         [0.99998903, 0.9999993 , 0.99999917, ..., 0.8913827 ,
          0.9875634 , 0.9826591 ],
         ...,
         [0.9999914 , 1.        , 0.99999964, ..., 0.99810493,
          0.99969614, 0.9959455 ],
         [1.        , 1.        , 1.        , ..., 0.9998714 ,
          0.9997656 , 0.99420434],
         [0.9998425 , 0.99999607, 0.9999982 , ..., 0.7818381 ,
          0.9917908 , 0.9968442 ]],

        [[0.998831  , 0.9006305 , 0.8627262 , ..., 0.03827805,
          0.9859118 , 0.9547627 ],
         [0.9999964 , 0.9999994 , 0.99993753, ..., 0.9896846 ,
          0.9988323 , 0.7659014 ],
         [0.98907065, 0.999892  , 1.        , ..., 0.9965681 ,
          0.9343029 , 0.84890515],
         ...,
         [0.954587  , 0.98272574, 0.9982502 , ..., 0.9991653 ,
          0.9923322 , 0.9796444 ],
         [0.94922906, 0.9999944 , 0.9978672 , ..., 0.9356256 ,
          0.74793696, 0.74888474],
         [0.99633396, 0.97143394, 0.98674786, ..., 0.65190214,
          0.9914386 , 0.98934853]],

        [[0.99686605, 0.9999386 , 0.9571837 , ..., 0.9787946 ,
          0.9866682 , 0.95069826],
         [0.99977905, 0.9999721 , 0.9977812 , ..., 0.99051595,
          0.9996681 , 0.9733865 ],
         [0.872986  , 0.99739754, 0.99990857, ..., 0.9980229 ,
          0.98955077, 0.99237764],
         ...,
         [0.91357327, 0.9999759 , 0.9999713 , ..., 0.9802335 ,
          0.8817576 , 0.2547091 ],
         [0.99917704, 0.9999951 , 0.999967  , ..., 0.99806887,
          0.9966612 , 0.7227493 ],
         [0.9994342 , 0.9999161 , 0.9999918 , ..., 0.9805459 ,
          0.9863673 , 0.9939296 ]],

        ...,

        [[0.9997595 , 0.99999297, 0.997468  , ..., 0.99196553,
          0.94763327, 0.9479326 ],
         [0.9982674 , 0.99993896, 0.999977  , ..., 0.99826956,
          0.99748284, 0.9924672 ],
         [0.99990654, 0.99999976, 0.99999523, ..., 0.99878746,
          0.99819934, 0.5225181 ],
         ...,
         [0.99993086, 0.99995744, 0.99999905, ..., 0.99590683,
          0.98113453, 0.99906117],
         [0.99999404, 0.9999995 , 1.        , ..., 0.99718225,
          0.9977118 , 0.9912896 ],
         [0.9986767 , 0.9999994 , 0.99999917, ..., 0.903877  ,
          0.8754955 , 0.95631903]],

        [[0.99884146, 0.9996007 , 0.9997732 , ..., 0.9138871 ,
          0.6381697 , 0.9554293 ],
         [0.92647916, 0.99990904, 0.99999535, ..., 0.1819848 ,
          0.00155636, 0.01968428],
         [0.9997265 , 0.9999808 , 0.99707615, ..., 0.99855536,
          0.00264426, 0.03254778],
         ...,
         [0.99989164, 1.        , 1.        , ..., 0.9195475 ,
          0.9996013 , 0.9486027 ],
         [0.99999475, 1.        , 0.9999999 , ..., 0.99067396,
          0.9985953 , 0.91969573],
         [0.999992  , 0.99992657, 0.9999999 , ..., 0.4984777 ,
          0.99988425, 0.99932885]],

        [[0.9926045 , 0.96647155, 0.18847276, ..., 0.2299453 ,
          0.4106818 , 0.9855745 ],
         [0.99665064, 0.9998913 , 0.955513  , ..., 0.21802703,
          0.9975141 , 0.99594384],
         [0.9042468 , 0.9695062 , 0.9995946 , ..., 0.82429945,
          0.9865797 , 0.98807716],
         ...,
         [0.99408734, 0.9996138 , 0.999992  , ..., 0.17566781,
          0.4710276 , 0.4496486 ],
         [0.99994516, 0.99999857, 0.99044156, ..., 0.30350628,
          0.05711651, 0.02320783],
         [0.998461  , 0.9510788 , 0.9276016 , ..., 0.342306  ,
          0.1897194 , 0.5667173 ]]],


       [[[0.77254903, 0.73333335, 0.5803922 , ..., 0.4392157 ,
          0.45490196, 0.45882353],
         [0.8       , 0.7529412 , 0.6666667 , ..., 0.4509804 ,
          0.46666667, 0.47058824],
         [0.8235294 , 0.7411765 , 0.72156864, ..., 0.45490196,
          0.46666667, 0.4745098 ],
         ...,
         [0.8392157 , 0.84313726, 0.8392157 , ..., 0.45490196,
          0.50980395, 0.5529412 ],
         [0.8352941 , 0.84313726, 0.84705883, ..., 0.42352942,
          0.45882353, 0.50980395],
         [0.8352941 , 0.84313726, 0.84313726, ..., 0.4       ,
          0.42352942, 0.46666667]],

        [[0.77254903, 0.73333335, 0.5803922 , ..., 0.4392157 ,
          0.45490196, 0.45882353],
         [0.8       , 0.7529412 , 0.6666667 , ..., 0.4509804 ,
          0.46666667, 0.47058824],
         [0.8235294 , 0.7411765 , 0.72156864, ..., 0.45490196,
          0.46666667, 0.4745098 ],
         ...,
         [0.8392157 , 0.84313726, 0.8392157 , ..., 0.45490196,
          0.50980395, 0.5529412 ],
         [0.8352941 , 0.84313726, 0.84705883, ..., 0.42352942,
          0.45882353, 0.50980395],
         [0.8352941 , 0.84313726, 0.84313726, ..., 0.4       ,
          0.42352942, 0.46666667]],

        [[0.77254903, 0.73333335, 0.5803922 , ..., 0.4392157 ,
          0.45490196, 0.45882353],
         [0.8       , 0.7529412 , 0.6666667 , ..., 0.4509804 ,
          0.46666667, 0.47058824],
         [0.8235294 , 0.7411765 , 0.72156864, ..., 0.45490196,
          0.46666667, 0.4745098 ],
         ...,
         [0.8392157 , 0.84313726, 0.8392157 , ..., 0.45490196,
          0.50980395, 0.5529412 ],
         [0.8352941 , 0.84313726, 0.84705883, ..., 0.42352942,
          0.45882353, 0.50980395],
         [0.8352941 , 0.84313726, 0.84313726, ..., 0.4       ,
          0.42352942, 0.46666667]],

        ...,

        [[0.77254903, 0.73333335, 0.5803922 , ..., 0.4392157 ,
          0.45490196, 0.45882353],
         [0.8       , 0.7529412 , 0.6666667 , ..., 0.4509804 ,
          0.46666667, 0.47058824],
         [0.8235294 , 0.7411765 , 0.72156864, ..., 0.45490196,
          0.46666667, 0.4745098 ],
         ...,
         [0.8392157 , 0.84313726, 0.8392157 , ..., 0.45490196,
          0.50980395, 0.5529412 ],
         [0.8352941 , 0.84313726, 0.84705883, ..., 0.42352942,
          0.45882353, 0.50980395],
         [0.8352941 , 0.84313726, 0.84313726, ..., 0.4       ,
          0.42352942, 0.46666667]],

        [[0.77254903, 0.73333335, 0.5803922 , ..., 0.4392157 ,
          0.45490196, 0.45882353],
         [0.8       , 0.7529412 , 0.6666667 , ..., 0.4509804 ,
          0.46666667, 0.47058824],
         [0.8235294 , 0.7411765 , 0.72156864, ..., 0.45490196,
          0.46666667, 0.4745098 ],
         ...,
         [0.8392157 , 0.84313726, 0.8392157 , ..., 0.45490196,
          0.50980395, 0.5529412 ],
         [0.8352941 , 0.84313726, 0.84705883, ..., 0.42352942,
          0.45882353, 0.50980395],
         [0.8352941 , 0.84313726, 0.84313726, ..., 0.4       ,
          0.42352942, 0.46666667]],

        [[0.77254903, 0.73333335, 0.5803922 , ..., 0.4392157 ,
          0.45490196, 0.45882353],
         [0.8       , 0.7529412 , 0.6666667 , ..., 0.4509804 ,
          0.46666667, 0.47058824],
         [0.8235294 , 0.7411765 , 0.72156864, ..., 0.45490196,
          0.46666667, 0.4745098 ],
         ...,
         [0.8392157 , 0.84313726, 0.8392157 , ..., 0.45490196,
          0.50980395, 0.5529412 ],
         [0.8352941 , 0.84313726, 0.84705883, ..., 0.42352942,
          0.45882353, 0.50980395],
         [0.8352941 , 0.84313726, 0.84313726, ..., 0.4       ,
          0.42352942, 0.46666667]]],


       [[[0.39777237, 0.52971196, 0.38776508, ..., 0.36556718,
          0.36763966, 0.2841566 ],
         [0.53898495, 0.6317522 , 0.45953342, ..., 0.38566148,
          0.4480711 , 0.37972933],
         [0.6157384 , 0.7715213 , 0.6740394 , ..., 0.39044368,
          0.4477232 , 0.3380264 ],
         ...,
         [0.42733103, 0.663611  , 0.78479064, ..., 0.49207667,
          0.4762652 , 0.4043088 ],
         [0.44163358, 0.6450708 , 0.70481646, ..., 0.43738425,
          0.49788764, 0.433941  ],
         [0.27728108, 0.4249696 , 0.44230258, ..., 0.43176943,
          0.49068075, 0.40672082]],

        [[0.39777237, 0.52971196, 0.38776508, ..., 0.36556718,
          0.36763966, 0.2841566 ],
         [0.53898495, 0.6317522 , 0.45953342, ..., 0.38566148,
          0.4480711 , 0.37972933],
         [0.6157384 , 0.7715213 , 0.6740394 , ..., 0.39044368,
          0.4477232 , 0.3380264 ],
         ...,
         [0.42733103, 0.663611  , 0.78479064, ..., 0.49207667,
          0.4762652 , 0.4043088 ],
         [0.44163358, 0.6450708 , 0.70481646, ..., 0.43738425,
          0.49788764, 0.433941  ],
         [0.27728108, 0.4249696 , 0.44230258, ..., 0.43176943,
          0.49068075, 0.40672082]],

        [[0.39777237, 0.52971196, 0.38776508, ..., 0.36556718,
          0.36763966, 0.2841566 ],
         [0.53898495, 0.6317522 , 0.45953342, ..., 0.38566148,
          0.4480711 , 0.37972933],
         [0.6157384 , 0.7715213 , 0.6740394 , ..., 0.39044368,
          0.4477232 , 0.3380264 ],
         ...,
         [0.42733103, 0.663611  , 0.78479064, ..., 0.49207667,
          0.4762652 , 0.4043088 ],
         [0.44163358, 0.6450708 , 0.70481646, ..., 0.43738425,
          0.49788764, 0.433941  ],
         [0.27728108, 0.4249696 , 0.44230258, ..., 0.43176943,
          0.49068075, 0.40672082]],

        ...,

        [[0.39777237, 0.52971196, 0.38776508, ..., 0.36556718,
          0.36763966, 0.2841566 ],
         [0.53898495, 0.6317522 , 0.45953342, ..., 0.38566148,
          0.4480711 , 0.37972933],
         [0.6157384 , 0.7715213 , 0.6740394 , ..., 0.39044368,
          0.4477232 , 0.3380264 ],
         ...,
         [0.42733103, 0.663611  , 0.78479064, ..., 0.49207667,
          0.4762652 , 0.4043088 ],
         [0.44163358, 0.6450708 , 0.70481646, ..., 0.43738425,
          0.49788764, 0.433941  ],
         [0.27728108, 0.4249696 , 0.44230258, ..., 0.43176943,
          0.49068075, 0.40672082]],

        [[0.39777237, 0.52971196, 0.38776508, ..., 0.36556718,
          0.36763966, 0.2841566 ],
         [0.53898495, 0.6317522 , 0.45953342, ..., 0.38566148,
          0.4480711 , 0.37972933],
         [0.6157384 , 0.7715213 , 0.6740394 , ..., 0.39044368,
          0.4477232 , 0.3380264 ],
         ...,
         [0.42733103, 0.663611  , 0.78479064, ..., 0.49207667,
          0.4762652 , 0.4043088 ],
         [0.44163358, 0.6450708 , 0.70481646, ..., 0.43738425,
          0.49788764, 0.433941  ],
         [0.27728108, 0.4249696 , 0.44230258, ..., 0.43176943,
          0.49068075, 0.40672082]],

        [[0.39777237, 0.52971196, 0.38776508, ..., 0.36556718,
          0.36763966, 0.2841566 ],
         [0.53898495, 0.6317522 , 0.45953342, ..., 0.38566148,
          0.4480711 , 0.37972933],
         [0.6157384 , 0.7715213 , 0.6740394 , ..., 0.39044368,
          0.4477232 , 0.3380264 ],
         ...,
         [0.42733103, 0.663611  , 0.78479064, ..., 0.49207667,
          0.4762652 , 0.4043088 ],
         [0.44163358, 0.6450708 , 0.70481646, ..., 0.43738425,
          0.49788764, 0.433941  ],
         [0.27728108, 0.4249696 , 0.44230258, ..., 0.43176943,
          0.49068075, 0.40672082]]]], dtype=float32), 'failed_action': None, 'flip_count': 783, 'success_ratio': 0.2083000798084597, 'reward': -157.3940689231942, 'target_image': array([[[[0.77254903, 0.73333335, 0.5803922 , ..., 0.4392157 ,
          0.45490196, 0.45882353],
         [0.8       , 0.7529412 , 0.6666667 , ..., 0.4509804 ,
          0.46666667, 0.47058824],
         [0.8235294 , 0.7411765 , 0.72156864, ..., 0.45490196,
          0.46666667, 0.4745098 ],
         ...,
         [0.8392157 , 0.84313726, 0.8392157 , ..., 0.45490196,
          0.50980395, 0.5529412 ],
         [0.8352941 , 0.84313726, 0.84705883, ..., 0.42352942,
          0.45882353, 0.50980395],
         [0.8352941 , 0.84313726, 0.84313726, ..., 0.4       ,
          0.42352942, 0.46666667]]]], dtype=float32), 'simulation_result': array([[[0.39777237, 0.52971196, 0.38776508, ..., 0.36556718,
         0.36763966, 0.2841566 ],
        [0.53898495, 0.6317522 , 0.45953342, ..., 0.38566148,
         0.4480711 , 0.37972933],
        [0.6157384 , 0.7715213 , 0.6740394 , ..., 0.39044368,
         0.4477232 , 0.3380264 ],
        ...,
        [0.42733103, 0.663611  , 0.78479064, ..., 0.49207667,
         0.4762652 , 0.4043088 ],
        [0.44163358, 0.6450708 , 0.70481646, ..., 0.43738425,
         0.49788764, 0.433941  ],
        [0.27728108, 0.4249696 , 0.44230258, ..., 0.43176943,
         0.49068075, 0.40672082]],

       [[0.39777237, 0.52971196, 0.38776508, ..., 0.36556718,
         0.36763966, 0.2841566 ],
        [0.53898495, 0.6317522 , 0.45953342, ..., 0.38566148,
         0.4480711 , 0.37972933],
        [0.6157384 , 0.7715213 , 0.6740394 , ..., 0.39044368,
         0.4477232 , 0.3380264 ],
        ...,
        [0.42733103, 0.663611  , 0.78479064, ..., 0.49207667,
         0.4762652 , 0.4043088 ],
        [0.44163358, 0.6450708 , 0.70481646, ..., 0.43738425,
         0.49788764, 0.433941  ],
        [0.27728108, 0.4249696 , 0.44230258, ..., 0.43176943,
         0.49068075, 0.40672082]],

       [[0.39777237, 0.52971196, 0.38776508, ..., 0.36556718,
         0.36763966, 0.2841566 ],
        [0.53898495, 0.6317522 , 0.45953342, ..., 0.38566148,
         0.4480711 , 0.37972933],
        [0.6157384 , 0.7715213 , 0.6740394 , ..., 0.39044368,
         0.4477232 , 0.3380264 ],
        ...,
        [0.42733103, 0.663611  , 0.78479064, ..., 0.49207667,
         0.4762652 , 0.4043088 ],
        [0.44163358, 0.6450708 , 0.70481646, ..., 0.43738425,
         0.49788764, 0.433941  ],
        [0.27728108, 0.4249696 , 0.44230258, ..., 0.43176943,
         0.49068075, 0.40672082]],

       ...,

       [[0.39777237, 0.52971196, 0.38776508, ..., 0.36556718,
         0.36763966, 0.2841566 ],
        [0.53898495, 0.6317522 , 0.45953342, ..., 0.38566148,
         0.4480711 , 0.37972933],
        [0.6157384 , 0.7715213 , 0.6740394 , ..., 0.39044368,
         0.4477232 , 0.3380264 ],
        ...,
        [0.42733103, 0.663611  , 0.78479064, ..., 0.49207667,
         0.4762652 , 0.4043088 ],
        [0.44163358, 0.6450708 , 0.70481646, ..., 0.43738425,
         0.49788764, 0.433941  ],
        [0.27728108, 0.4249696 , 0.44230258, ..., 0.43176943,
         0.49068075, 0.40672082]],

       [[0.39777237, 0.52971196, 0.38776508, ..., 0.36556718,
         0.36763966, 0.2841566 ],
        [0.53898495, 0.6317522 , 0.45953342, ..., 0.38566148,
         0.4480711 , 0.37972933],
        [0.6157384 , 0.7715213 , 0.6740394 , ..., 0.39044368,
         0.4477232 , 0.3380264 ],
        ...,
        [0.42733103, 0.663611  , 0.78479064, ..., 0.49207667,
         0.4762652 , 0.4043088 ],
        [0.44163358, 0.6450708 , 0.70481646, ..., 0.43738425,
         0.49788764, 0.433941  ],
        [0.27728108, 0.4249696 , 0.44230258, ..., 0.43176943,
         0.49068075, 0.40672082]],

       [[0.39777237, 0.52971196, 0.38776508, ..., 0.36556718,
         0.36763966, 0.2841566 ],
        [0.53898495, 0.6317522 , 0.45953342, ..., 0.38566148,
         0.4480711 , 0.37972933],
        [0.6157384 , 0.7715213 , 0.6740394 , ..., 0.39044368,
         0.4477232 , 0.3380264 ],
        ...,
        [0.42733103, 0.663611  , 0.78479064, ..., 0.49207667,
         0.4762652 , 0.4043088 ],
        [0.44163358, 0.6450708 , 0.70481646, ..., 0.43738425,
         0.49788764, 0.433941  ],
        [0.27728108, 0.4249696 , 0.44230258, ..., 0.43176943,
         0.49068075, 0.40672082]]], dtype=float32), 'action_coords': (0, 75, 175), 'step': 3759}
