Episode 2: Total Reward: -573.6673782348723
Info: {'psnr_before': 25.18195915222168, 'psnr_after': 25.182037353515625, 'psnr_change': 7.82012939453125e-05, 'psnr_diff': 0.10007858276367188, 'pre_flip_value': 0.89133686, 'state_before': array([[[0, 1, 1, ..., 0, 1, 1],
        [0, 0, 0, ..., 0, 1, 0],
        [0, 0, 0, ..., 1, 1, 1],
        ...,
        [0, 0, 0, ..., 1, 1, 1],
        [0, 0, 0, ..., 1, 1, 1],
        [0, 0, 0, ..., 1, 1, 1]],

       [[0, 0, 0, ..., 0, 0, 1],
        [1, 1, 1, ..., 1, 1, 0],
        [0, 1, 1, ..., 1, 1, 1],
        ...,
        [0, 0, 1, ..., 1, 1, 1],
        [0, 0, 1, ..., 1, 1, 1],
        [1, 0, 0, ..., 1, 1, 1]],

       [[1, 1, 0, ..., 1, 1, 1],
        [1, 1, 1, ..., 1, 1, 1],
        [0, 0, 1, ..., 1, 1, 1],
        ...,
        [0, 1, 1, ..., 1, 1, 1],
        [0, 0, 1, ..., 1, 1, 1],
        [1, 1, 1, ..., 1, 1, 1]],

       ...,

       [[1, 1, 1, ..., 1, 1, 1],
        [0, 1, 1, ..., 1, 1, 1],
        [0, 1, 1, ..., 1, 1, 0],
        ...,
        [0, 1, 1, ..., 1, 1, 1],
        [0, 1, 1, ..., 1, 1, 1],
        [0, 0, 0, ..., 1, 1, 1]],

       [[1, 1, 1, ..., 0, 0, 1],
        [0, 1, 1, ..., 0, 0, 0],
        [1, 1, 1, ..., 1, 0, 0],
        ...,
        [0, 0, 0, ..., 1, 1, 1],
        [0, 0, 0, ..., 1, 1, 1],
        [1, 0, 0, ..., 1, 1, 1]],

       [[1, 0, 0, ..., 0, 0, 1],
        [0, 1, 0, ..., 0, 1, 1],
        [0, 0, 1, ..., 1, 1, 1],
        ...,
        [0, 0, 1, ..., 1, 1, 1],
        [0, 1, 0, ..., 1, 0, 0],
        [0, 0, 0, ..., 1, 0, 1]]], dtype=int8), 'state_after': array([[[0, 1, 1, ..., 0, 1, 1],
        [0, 0, 0, ..., 0, 1, 0],
        [0, 0, 0, ..., 1, 1, 1],
        ...,
        [0, 0, 0, ..., 1, 1, 1],
        [0, 0, 0, ..., 1, 1, 1],
        [0, 0, 0, ..., 1, 1, 1]],

       [[0, 0, 0, ..., 0, 0, 1],
        [1, 1, 1, ..., 1, 1, 0],
        [0, 1, 1, ..., 1, 1, 1],
        ...,
        [0, 0, 1, ..., 1, 1, 1],
        [0, 0, 1, ..., 1, 1, 1],
        [1, 0, 0, ..., 1, 1, 1]],

       [[1, 1, 0, ..., 1, 1, 1],
        [1, 1, 1, ..., 1, 1, 1],
        [0, 0, 1, ..., 1, 1, 1],
        ...,
        [0, 1, 1, ..., 1, 1, 1],
        [0, 0, 1, ..., 1, 1, 1],
        [1, 1, 1, ..., 1, 1, 1]],

       ...,

       [[1, 1, 1, ..., 1, 1, 1],
        [0, 1, 1, ..., 1, 1, 1],
        [0, 1, 1, ..., 1, 1, 0],
        ...,
        [0, 1, 1, ..., 1, 1, 1],
        [0, 1, 1, ..., 1, 1, 1],
        [0, 0, 0, ..., 1, 1, 1]],

       [[1, 1, 1, ..., 0, 0, 1],
        [0, 1, 1, ..., 0, 0, 0],
        [1, 1, 1, ..., 1, 0, 0],
        ...,
        [0, 0, 0, ..., 1, 1, 1],
        [0, 0, 0, ..., 1, 1, 1],
        [1, 0, 0, ..., 1, 1, 1]],

       [[1, 0, 0, ..., 0, 0, 1],
        [0, 1, 0, ..., 0, 1, 1],
        [0, 0, 1, ..., 1, 1, 1],
        ...,
        [0, 0, 1, ..., 1, 1, 1],
        [0, 1, 0, ..., 1, 0, 0],
        [0, 0, 0, ..., 1, 0, 1]]], dtype=int8), 'observation_before': array([[[2.6879725e-01, 9.4821835e-01, 7.4035031e-01, ...,
         3.0035246e-02, 9.1572690e-01, 6.8385959e-01],
        [2.3553910e-02, 2.3163792e-01, 3.9581981e-02, ...,
         3.5557419e-01, 7.4931812e-01, 7.0518747e-02],
        [5.8895559e-05, 3.5103023e-02, 1.7736025e-02, ...,
         6.2340659e-01, 9.1434598e-01, 6.5231138e-01],
        ...,
        [9.3200571e-05, 3.1096558e-03, 3.7579373e-03, ...,
         9.9993563e-01, 9.9998736e-01, 9.9964857e-01],
        [2.6523327e-03, 1.0561778e-01, 1.5307094e-02, ...,
         9.9999881e-01, 9.9998808e-01, 9.9964547e-01],
        [3.4252936e-01, 8.1308438e-03, 5.4875340e-02, ...,
         9.9491173e-01, 9.9803621e-01, 9.9995208e-01]],

       [[3.3599835e-02, 3.6596605e-03, 3.7896234e-06, ...,
         7.6067357e-05, 4.3640006e-02, 5.6177306e-01],
        [9.4229978e-01, 9.4198245e-01, 9.4997466e-01, ...,
         7.6210821e-01, 8.6767048e-01, 1.2078150e-01],
        [4.1693711e-01, 9.3607050e-01, 9.9928218e-01, ...,
         9.9606520e-01, 8.0715597e-01, 7.3538339e-01],
        ...,
        [3.2340199e-01, 7.1664125e-02, 7.3479575e-01, ...,
         9.9991095e-01, 9.9961662e-01, 9.9879587e-01],
        [6.7142345e-02, 3.3429027e-01, 5.8557421e-01, ...,
         9.8889905e-01, 9.6477640e-01, 9.0850693e-01],
        [7.8016102e-01, 4.8839670e-01, 4.6980581e-01, ...,
         7.7254677e-01, 9.9902618e-01, 9.9939537e-01]],

       [[8.8135445e-01, 8.3753222e-01, 1.7752713e-02, ...,
         8.3485407e-01, 8.4574175e-01, 9.2031389e-01],
        [9.6447766e-01, 9.6646982e-01, 6.9811803e-01, ...,
         9.3876952e-01, 9.9013489e-01, 9.3181247e-01],
        [7.6394803e-03, 3.2338107e-01, 8.9601690e-01, ...,
         9.9773526e-01, 9.8758614e-01, 9.3157411e-01],
        ...,
        [1.0100198e-02, 6.6067302e-01, 6.3073587e-01, ...,
         9.8956501e-01, 9.2630595e-01, 6.8435001e-01],
        [4.6903682e-01, 4.5220706e-01, 8.0575871e-01, ...,
         9.9964118e-01, 9.9771678e-01, 7.9611635e-01],
        [7.2483057e-01, 6.4826363e-01, 8.6313617e-01, ...,
         9.9777442e-01, 9.9453813e-01, 9.9758434e-01]],

       ...,

       [[8.3577323e-01, 9.8981524e-01, 9.0885597e-01, ...,
         9.3649626e-01, 5.5601162e-01, 7.0441979e-01],
        [3.3273566e-01, 7.1296465e-01, 9.6756250e-01, ...,
         9.4891995e-01, 9.7485310e-01, 8.7360740e-01],
        [3.4035832e-02, 9.9270612e-01, 8.9820552e-01, ...,
         9.7530317e-01, 9.4032604e-01, 3.6059920e-02],
        ...,
        [2.5705501e-01, 5.1892388e-01, 8.6143690e-01, ...,
         9.9975950e-01, 9.9660170e-01, 9.9991977e-01],
        [1.9282063e-02, 8.5084999e-01, 8.5704648e-01, ...,
         9.9948287e-01, 9.9988604e-01, 9.9815708e-01],
        [3.0766061e-01, 2.3532490e-01, 3.5839725e-02, ...,
         9.7706205e-01, 9.8213345e-01, 9.9370837e-01]],

       [[7.6839501e-01, 9.7751981e-01, 6.1458707e-01, ...,
         3.2206488e-01, 3.2348972e-02, 6.9980097e-01],
        [4.3913838e-02, 9.5190215e-01, 9.9012613e-01, ...,
         2.8929082e-01, 7.2547881e-04, 2.8278338e-04],
        [9.2250621e-01, 8.8323337e-01, 9.4971174e-01, ...,
         9.7978711e-01, 9.1912795e-04, 6.4943642e-03],
        ...,
        [2.7393246e-01, 4.5417003e-02, 1.1799719e-02, ...,
         9.9989581e-01, 9.9999440e-01, 9.9141437e-01],
        [2.6012570e-01, 3.8688424e-01, 9.3094516e-04, ...,
         9.9998617e-01, 9.9999571e-01, 9.9448287e-01],
        [6.5820062e-01, 1.4965956e-03, 9.2894465e-05, ...,
         9.8935145e-01, 9.9999750e-01, 9.9999762e-01]],

       [[5.3525501e-01, 4.5888671e-01, 2.0157567e-03, ...,
         1.2426043e-02, 4.3512102e-02, 9.7132957e-01],
        [6.5507784e-02, 6.6342622e-01, 2.1867365e-01, ...,
         1.5953716e-02, 9.4016033e-01, 8.9133674e-01],
        [9.5545743e-03, 4.4595283e-02, 9.7128707e-01, ...,
         8.9688516e-01, 9.9550974e-01, 9.6928298e-01],
        ...,
        [3.3450043e-03, 2.3174641e-01, 7.4968624e-01, ...,
         7.5256628e-01, 8.2357979e-01, 8.9664364e-01],
        [1.4370145e-01, 8.2914472e-01, 3.2170478e-02, ...,
         6.7409748e-01, 3.7883073e-01, 1.8920586e-02],
        [2.6440623e-01, 8.0949049e-03, 3.9661564e-03, ...,
         7.1543008e-01, 4.8099917e-01, 8.7412226e-01]]], dtype=float32), 'observation_after': array([[[[0.00000000e+00, 1.00000000e+00, 1.00000000e+00, ...,
          0.00000000e+00, 1.00000000e+00, 1.00000000e+00],
         [0.00000000e+00, 0.00000000e+00, 0.00000000e+00, ...,
          0.00000000e+00, 1.00000000e+00, 0.00000000e+00],
         [0.00000000e+00, 0.00000000e+00, 0.00000000e+00, ...,
          1.00000000e+00, 1.00000000e+00, 1.00000000e+00],
         ...,
         [0.00000000e+00, 0.00000000e+00, 0.00000000e+00, ...,
          1.00000000e+00, 1.00000000e+00, 1.00000000e+00],
         [0.00000000e+00, 0.00000000e+00, 0.00000000e+00, ...,
          1.00000000e+00, 1.00000000e+00, 1.00000000e+00],
         [0.00000000e+00, 0.00000000e+00, 0.00000000e+00, ...,
          1.00000000e+00, 1.00000000e+00, 1.00000000e+00]],

        [[0.00000000e+00, 0.00000000e+00, 0.00000000e+00, ...,
          0.00000000e+00, 0.00000000e+00, 1.00000000e+00],
         [1.00000000e+00, 1.00000000e+00, 1.00000000e+00, ...,
          1.00000000e+00, 1.00000000e+00, 0.00000000e+00],
         [0.00000000e+00, 1.00000000e+00, 1.00000000e+00, ...,
          1.00000000e+00, 1.00000000e+00, 1.00000000e+00],
         ...,
         [0.00000000e+00, 0.00000000e+00, 1.00000000e+00, ...,
          1.00000000e+00, 1.00000000e+00, 1.00000000e+00],
         [0.00000000e+00, 0.00000000e+00, 1.00000000e+00, ...,
          1.00000000e+00, 1.00000000e+00, 1.00000000e+00],
         [1.00000000e+00, 0.00000000e+00, 0.00000000e+00, ...,
          1.00000000e+00, 1.00000000e+00, 1.00000000e+00]],

        [[1.00000000e+00, 1.00000000e+00, 0.00000000e+00, ...,
          1.00000000e+00, 1.00000000e+00, 1.00000000e+00],
         [1.00000000e+00, 1.00000000e+00, 1.00000000e+00, ...,
          1.00000000e+00, 1.00000000e+00, 1.00000000e+00],
         [0.00000000e+00, 0.00000000e+00, 1.00000000e+00, ...,
          1.00000000e+00, 1.00000000e+00, 1.00000000e+00],
         ...,
         [0.00000000e+00, 1.00000000e+00, 1.00000000e+00, ...,
          1.00000000e+00, 1.00000000e+00, 1.00000000e+00],
         [0.00000000e+00, 0.00000000e+00, 1.00000000e+00, ...,
          1.00000000e+00, 1.00000000e+00, 1.00000000e+00],
         [1.00000000e+00, 1.00000000e+00, 1.00000000e+00, ...,
          1.00000000e+00, 1.00000000e+00, 1.00000000e+00]],

        ...,

        [[1.00000000e+00, 1.00000000e+00, 1.00000000e+00, ...,
          1.00000000e+00, 1.00000000e+00, 1.00000000e+00],
         [0.00000000e+00, 1.00000000e+00, 1.00000000e+00, ...,
          1.00000000e+00, 1.00000000e+00, 1.00000000e+00],
         [0.00000000e+00, 1.00000000e+00, 1.00000000e+00, ...,
          1.00000000e+00, 1.00000000e+00, 0.00000000e+00],
         ...,
         [0.00000000e+00, 1.00000000e+00, 1.00000000e+00, ...,
          1.00000000e+00, 1.00000000e+00, 1.00000000e+00],
         [0.00000000e+00, 1.00000000e+00, 1.00000000e+00, ...,
          1.00000000e+00, 1.00000000e+00, 1.00000000e+00],
         [0.00000000e+00, 0.00000000e+00, 0.00000000e+00, ...,
          1.00000000e+00, 1.00000000e+00, 1.00000000e+00]],

        [[1.00000000e+00, 1.00000000e+00, 1.00000000e+00, ...,
          0.00000000e+00, 0.00000000e+00, 1.00000000e+00],
         [0.00000000e+00, 1.00000000e+00, 1.00000000e+00, ...,
          0.00000000e+00, 0.00000000e+00, 0.00000000e+00],
         [1.00000000e+00, 1.00000000e+00, 1.00000000e+00, ...,
          1.00000000e+00, 0.00000000e+00, 0.00000000e+00],
         ...,
         [0.00000000e+00, 0.00000000e+00, 0.00000000e+00, ...,
          1.00000000e+00, 1.00000000e+00, 1.00000000e+00],
         [0.00000000e+00, 0.00000000e+00, 0.00000000e+00, ...,
          1.00000000e+00, 1.00000000e+00, 1.00000000e+00],
         [1.00000000e+00, 0.00000000e+00, 0.00000000e+00, ...,
          1.00000000e+00, 1.00000000e+00, 1.00000000e+00]],

        [[1.00000000e+00, 0.00000000e+00, 0.00000000e+00, ...,
          0.00000000e+00, 0.00000000e+00, 1.00000000e+00],
         [0.00000000e+00, 1.00000000e+00, 0.00000000e+00, ...,
          0.00000000e+00, 1.00000000e+00, 1.00000000e+00],
         [0.00000000e+00, 0.00000000e+00, 1.00000000e+00, ...,
          1.00000000e+00, 1.00000000e+00, 1.00000000e+00],
         ...,
         [0.00000000e+00, 0.00000000e+00, 1.00000000e+00, ...,
          1.00000000e+00, 1.00000000e+00, 1.00000000e+00],
         [0.00000000e+00, 1.00000000e+00, 0.00000000e+00, ...,
          1.00000000e+00, 0.00000000e+00, 0.00000000e+00],
         [0.00000000e+00, 0.00000000e+00, 0.00000000e+00, ...,
          1.00000000e+00, 0.00000000e+00, 1.00000000e+00]]],


       [[[2.68797249e-01, 9.48218346e-01, 7.40350306e-01, ...,
          3.00352462e-02, 9.15726900e-01, 6.83859587e-01],
         [2.35539097e-02, 2.31637925e-01, 3.95819806e-02, ...,
          3.55574191e-01, 7.49318123e-01, 7.05187470e-02],
         [5.88955591e-05, 3.51030231e-02, 1.77360252e-02, ...,
          6.23406589e-01, 9.14345980e-01, 6.52311385e-01],
         ...,
         [9.32005714e-05, 3.10965581e-03, 3.75793735e-03, ...,
          9.99935627e-01, 9.99987364e-01, 9.99648571e-01],
         [2.65233265e-03, 1.05617777e-01, 1.53070940e-02, ...,
          9.99998808e-01, 9.99988079e-01, 9.99645472e-01],
         [3.42529356e-01, 8.13084375e-03, 5.48753403e-02, ...,
          9.94911730e-01, 9.98036206e-01, 9.99952078e-01]],

        [[3.35998349e-02, 3.65966046e-03, 3.78962341e-06, ...,
          7.60673574e-05, 4.36400063e-02, 5.61773062e-01],
         [9.42299783e-01, 9.41982448e-01, 9.49974656e-01, ...,
          7.62108207e-01, 8.67670476e-01, 1.20781504e-01],
         [4.16937113e-01, 9.36070502e-01, 9.99282181e-01, ...,
          9.96065199e-01, 8.07155967e-01, 7.35383391e-01],
         ...,
         [3.23401988e-01, 7.16641247e-02, 7.34795749e-01, ...,
          9.99910951e-01, 9.99616623e-01, 9.98795867e-01],
         [6.71423450e-02, 3.34290266e-01, 5.85574210e-01, ...,
          9.88899052e-01, 9.64776397e-01, 9.08506930e-01],
         [7.80161023e-01, 4.88396704e-01, 4.69805807e-01, ...,
          7.72546768e-01, 9.99026179e-01, 9.99395370e-01]],

        [[8.81354451e-01, 8.37532222e-01, 1.77527126e-02, ...,
          8.34854066e-01, 8.45741749e-01, 9.20313895e-01],
         [9.64477658e-01, 9.66469824e-01, 6.98118031e-01, ...,
          9.38769519e-01, 9.90134895e-01, 9.31812465e-01],
         [7.63948029e-03, 3.23381066e-01, 8.96016896e-01, ...,
          9.97735262e-01, 9.87586141e-01, 9.31574106e-01],
         ...,
         [1.01001980e-02, 6.60673022e-01, 6.30735874e-01, ...,
          9.89565015e-01, 9.26305950e-01, 6.84350014e-01],
         [4.69036818e-01, 4.52207059e-01, 8.05758715e-01, ...,
          9.99641180e-01, 9.97716784e-01, 7.96116352e-01],
         [7.24830568e-01, 6.48263633e-01, 8.63136172e-01, ...,
          9.97774422e-01, 9.94538128e-01, 9.97584343e-01]],

        ...,

        [[8.35773230e-01, 9.89815235e-01, 9.08855975e-01, ...,
          9.36496258e-01, 5.56011617e-01, 7.04419792e-01],
         [3.32735658e-01, 7.12964654e-01, 9.67562497e-01, ...,
          9.48919952e-01, 9.74853098e-01, 8.73607397e-01],
         [3.40358317e-02, 9.92706120e-01, 8.98205519e-01, ...,
          9.75303173e-01, 9.40326035e-01, 3.60599197e-02],
         ...,
         [2.57055014e-01, 5.18923879e-01, 8.61436903e-01, ...,
          9.99759495e-01, 9.96601701e-01, 9.99919772e-01],
         [1.92820635e-02, 8.50849986e-01, 8.57046485e-01, ...,
          9.99482870e-01, 9.99886036e-01, 9.98157084e-01],
         [3.07660609e-01, 2.35324904e-01, 3.58397253e-02, ...,
          9.77062047e-01, 9.82133448e-01, 9.93708372e-01]],

        [[7.68395007e-01, 9.77519810e-01, 6.14587069e-01, ...,
          3.22064877e-01, 3.23489718e-02, 6.99800968e-01],
         [4.39138375e-02, 9.51902151e-01, 9.90126133e-01, ...,
          2.89290816e-01, 7.25478807e-04, 2.82783381e-04],
         [9.22506213e-01, 8.83233368e-01, 9.49711740e-01, ...,
          9.79787111e-01, 9.19127953e-04, 6.49436424e-03],
         ...,
         [2.73932457e-01, 4.54170033e-02, 1.17997192e-02, ...,
          9.99895811e-01, 9.99994397e-01, 9.91414368e-01],
         [2.60125697e-01, 3.86884242e-01, 9.30945156e-04, ...,
          9.99986172e-01, 9.99995708e-01, 9.94482875e-01],
         [6.58200622e-01, 1.49659556e-03, 9.28944646e-05, ...,
          9.89351451e-01, 9.99997497e-01, 9.99997616e-01]],

        [[5.35255015e-01, 4.58886713e-01, 2.01575668e-03, ...,
          1.24260429e-02, 4.35121022e-02, 9.71329570e-01],
         [6.55077845e-02, 6.63426220e-01, 2.18673646e-01, ...,
          1.59537159e-02, 9.40160334e-01, 8.91336739e-01],
         [9.55457427e-03, 4.45952825e-02, 9.71287072e-01, ...,
          8.96885157e-01, 9.95509744e-01, 9.69282985e-01],
         ...,
         [3.34500428e-03, 2.31746405e-01, 7.49686241e-01, ...,
          7.52566278e-01, 8.23579788e-01, 8.96643639e-01],
         [1.43701449e-01, 8.29144716e-01, 3.21704783e-02, ...,
          6.74097478e-01, 3.78830731e-01, 1.89205855e-02],
         [2.64406234e-01, 8.09490494e-03, 3.96615639e-03, ...,
          7.15430081e-01, 4.80999172e-01, 8.74122262e-01]]],


       [[[2.27450982e-01, 2.35294119e-01, 2.50980407e-01, ...,
          3.05882365e-01, 4.62745100e-01, 4.39215690e-01],
         [2.31372550e-01, 2.35294119e-01, 2.43137255e-01, ...,
          2.74509817e-01, 3.56862754e-01, 3.56862754e-01],
         [2.15686277e-01, 2.07843140e-01, 2.35294119e-01, ...,
          2.70588249e-01, 2.62745112e-01, 3.25490206e-01],
         ...,
         [1.01960786e-01, 9.01960805e-02, 1.13725491e-01, ...,
          7.09803939e-01, 7.01960802e-01, 6.39215708e-01],
         [9.41176489e-02, 9.41176489e-02, 1.33333340e-01, ...,
          6.62745118e-01, 6.62745118e-01, 6.50980413e-01],
         [1.13725491e-01, 1.25490203e-01, 1.68627456e-01, ...,
          6.07843161e-01, 6.43137276e-01, 6.66666687e-01]],

        [[2.27450982e-01, 2.35294119e-01, 2.50980407e-01, ...,
          3.05882365e-01, 4.62745100e-01, 4.39215690e-01],
         [2.31372550e-01, 2.35294119e-01, 2.43137255e-01, ...,
          2.74509817e-01, 3.56862754e-01, 3.56862754e-01],
         [2.15686277e-01, 2.07843140e-01, 2.35294119e-01, ...,
          2.70588249e-01, 2.62745112e-01, 3.25490206e-01],
         ...,
         [1.01960786e-01, 9.01960805e-02, 1.13725491e-01, ...,
          7.09803939e-01, 7.01960802e-01, 6.39215708e-01],
         [9.41176489e-02, 9.41176489e-02, 1.33333340e-01, ...,
          6.62745118e-01, 6.62745118e-01, 6.50980413e-01],
         [1.13725491e-01, 1.25490203e-01, 1.68627456e-01, ...,
          6.07843161e-01, 6.43137276e-01, 6.66666687e-01]],

        [[2.27450982e-01, 2.35294119e-01, 2.50980407e-01, ...,
          3.05882365e-01, 4.62745100e-01, 4.39215690e-01],
         [2.31372550e-01, 2.35294119e-01, 2.43137255e-01, ...,
          2.74509817e-01, 3.56862754e-01, 3.56862754e-01],
         [2.15686277e-01, 2.07843140e-01, 2.35294119e-01, ...,
          2.70588249e-01, 2.62745112e-01, 3.25490206e-01],
         ...,
         [1.01960786e-01, 9.01960805e-02, 1.13725491e-01, ...,
          7.09803939e-01, 7.01960802e-01, 6.39215708e-01],
         [9.41176489e-02, 9.41176489e-02, 1.33333340e-01, ...,
          6.62745118e-01, 6.62745118e-01, 6.50980413e-01],
         [1.13725491e-01, 1.25490203e-01, 1.68627456e-01, ...,
          6.07843161e-01, 6.43137276e-01, 6.66666687e-01]],

        ...,

        [[2.27450982e-01, 2.35294119e-01, 2.50980407e-01, ...,
          3.05882365e-01, 4.62745100e-01, 4.39215690e-01],
         [2.31372550e-01, 2.35294119e-01, 2.43137255e-01, ...,
          2.74509817e-01, 3.56862754e-01, 3.56862754e-01],
         [2.15686277e-01, 2.07843140e-01, 2.35294119e-01, ...,
          2.70588249e-01, 2.62745112e-01, 3.25490206e-01],
         ...,
         [1.01960786e-01, 9.01960805e-02, 1.13725491e-01, ...,
          7.09803939e-01, 7.01960802e-01, 6.39215708e-01],
         [9.41176489e-02, 9.41176489e-02, 1.33333340e-01, ...,
          6.62745118e-01, 6.62745118e-01, 6.50980413e-01],
         [1.13725491e-01, 1.25490203e-01, 1.68627456e-01, ...,
          6.07843161e-01, 6.43137276e-01, 6.66666687e-01]],

        [[2.27450982e-01, 2.35294119e-01, 2.50980407e-01, ...,
          3.05882365e-01, 4.62745100e-01, 4.39215690e-01],
         [2.31372550e-01, 2.35294119e-01, 2.43137255e-01, ...,
          2.74509817e-01, 3.56862754e-01, 3.56862754e-01],
         [2.15686277e-01, 2.07843140e-01, 2.35294119e-01, ...,
          2.70588249e-01, 2.62745112e-01, 3.25490206e-01],
         ...,
         [1.01960786e-01, 9.01960805e-02, 1.13725491e-01, ...,
          7.09803939e-01, 7.01960802e-01, 6.39215708e-01],
         [9.41176489e-02, 9.41176489e-02, 1.33333340e-01, ...,
          6.62745118e-01, 6.62745118e-01, 6.50980413e-01],
         [1.13725491e-01, 1.25490203e-01, 1.68627456e-01, ...,
          6.07843161e-01, 6.43137276e-01, 6.66666687e-01]],

        [[2.27450982e-01, 2.35294119e-01, 2.50980407e-01, ...,
          3.05882365e-01, 4.62745100e-01, 4.39215690e-01],
         [2.31372550e-01, 2.35294119e-01, 2.43137255e-01, ...,
          2.74509817e-01, 3.56862754e-01, 3.56862754e-01],
         [2.15686277e-01, 2.07843140e-01, 2.35294119e-01, ...,
          2.70588249e-01, 2.62745112e-01, 3.25490206e-01],
         ...,
         [1.01960786e-01, 9.01960805e-02, 1.13725491e-01, ...,
          7.09803939e-01, 7.01960802e-01, 6.39215708e-01],
         [9.41176489e-02, 9.41176489e-02, 1.33333340e-01, ...,
          6.62745118e-01, 6.62745118e-01, 6.50980413e-01],
         [1.13725491e-01, 1.25490203e-01, 1.68627456e-01, ...,
          6.07843161e-01, 6.43137276e-01, 6.66666687e-01]]],


       [[[2.40559116e-01, 2.73643106e-01, 2.91943818e-01, ...,
          2.93416947e-01, 3.34319174e-01, 3.52406800e-01],
         [2.60764599e-01, 2.66198754e-01, 3.20195794e-01, ...,
          3.77704501e-01, 3.94165576e-01, 3.67660284e-01],
         [2.30989575e-01, 2.60324955e-01, 2.46087790e-01, ...,
          3.50442111e-01, 4.05401438e-01, 3.58026385e-01],
         ...,
         [1.25893936e-01, 1.05709285e-01, 1.10878572e-01, ...,
          6.82238102e-01, 6.49761617e-01, 4.14824784e-01],
         [1.42835319e-01, 1.50989056e-01, 1.27612531e-01, ...,
          6.07545197e-01, 6.32709622e-01, 4.70452189e-01],
         [1.30139649e-01, 1.27208725e-01, 1.21810801e-01, ...,
          4.47630286e-01, 4.81119096e-01, 3.48893344e-01]],

        [[2.40559116e-01, 2.73643106e-01, 2.91943818e-01, ...,
          2.93416947e-01, 3.34319174e-01, 3.52406800e-01],
         [2.60764599e-01, 2.66198754e-01, 3.20195794e-01, ...,
          3.77704501e-01, 3.94165576e-01, 3.67660284e-01],
         [2.30989575e-01, 2.60324955e-01, 2.46087790e-01, ...,
          3.50442111e-01, 4.05401438e-01, 3.58026385e-01],
         ...,
         [1.25893936e-01, 1.05709285e-01, 1.10878572e-01, ...,
          6.82238102e-01, 6.49761617e-01, 4.14824784e-01],
         [1.42835319e-01, 1.50989056e-01, 1.27612531e-01, ...,
          6.07545197e-01, 6.32709622e-01, 4.70452189e-01],
         [1.30139649e-01, 1.27208725e-01, 1.21810801e-01, ...,
          4.47630286e-01, 4.81119096e-01, 3.48893344e-01]],

        [[2.40559116e-01, 2.73643106e-01, 2.91943818e-01, ...,
          2.93416947e-01, 3.34319174e-01, 3.52406800e-01],
         [2.60764599e-01, 2.66198754e-01, 3.20195794e-01, ...,
          3.77704501e-01, 3.94165576e-01, 3.67660284e-01],
         [2.30989575e-01, 2.60324955e-01, 2.46087790e-01, ...,
          3.50442111e-01, 4.05401438e-01, 3.58026385e-01],
         ...,
         [1.25893936e-01, 1.05709285e-01, 1.10878572e-01, ...,
          6.82238102e-01, 6.49761617e-01, 4.14824784e-01],
         [1.42835319e-01, 1.50989056e-01, 1.27612531e-01, ...,
          6.07545197e-01, 6.32709622e-01, 4.70452189e-01],
         [1.30139649e-01, 1.27208725e-01, 1.21810801e-01, ...,
          4.47630286e-01, 4.81119096e-01, 3.48893344e-01]],

        ...,

        [[2.40559116e-01, 2.73643106e-01, 2.91943818e-01, ...,
          2.93416947e-01, 3.34319174e-01, 3.52406800e-01],
         [2.60764599e-01, 2.66198754e-01, 3.20195794e-01, ...,
          3.77704501e-01, 3.94165576e-01, 3.67660284e-01],
         [2.30989575e-01, 2.60324955e-01, 2.46087790e-01, ...,
          3.50442111e-01, 4.05401438e-01, 3.58026385e-01],
         ...,
         [1.25893936e-01, 1.05709285e-01, 1.10878572e-01, ...,
          6.82238102e-01, 6.49761617e-01, 4.14824784e-01],
         [1.42835319e-01, 1.50989056e-01, 1.27612531e-01, ...,
          6.07545197e-01, 6.32709622e-01, 4.70452189e-01],
         [1.30139649e-01, 1.27208725e-01, 1.21810801e-01, ...,
          4.47630286e-01, 4.81119096e-01, 3.48893344e-01]],

        [[2.40559116e-01, 2.73643106e-01, 2.91943818e-01, ...,
          2.93416947e-01, 3.34319174e-01, 3.52406800e-01],
         [2.60764599e-01, 2.66198754e-01, 3.20195794e-01, ...,
          3.77704501e-01, 3.94165576e-01, 3.67660284e-01],
         [2.30989575e-01, 2.60324955e-01, 2.46087790e-01, ...,
          3.50442111e-01, 4.05401438e-01, 3.58026385e-01],
         ...,
         [1.25893936e-01, 1.05709285e-01, 1.10878572e-01, ...,
          6.82238102e-01, 6.49761617e-01, 4.14824784e-01],
         [1.42835319e-01, 1.50989056e-01, 1.27612531e-01, ...,
          6.07545197e-01, 6.32709622e-01, 4.70452189e-01],
         [1.30139649e-01, 1.27208725e-01, 1.21810801e-01, ...,
          4.47630286e-01, 4.81119096e-01, 3.48893344e-01]],

        [[2.40559116e-01, 2.73643106e-01, 2.91943818e-01, ...,
          2.93416947e-01, 3.34319174e-01, 3.52406800e-01],
         [2.60764599e-01, 2.66198754e-01, 3.20195794e-01, ...,
          3.77704501e-01, 3.94165576e-01, 3.67660284e-01],
         [2.30989575e-01, 2.60324955e-01, 2.46087790e-01, ...,
          3.50442111e-01, 4.05401438e-01, 3.58026385e-01],
         ...,
         [1.25893936e-01, 1.05709285e-01, 1.10878572e-01, ...,
          6.82238102e-01, 6.49761617e-01, 4.14824784e-01],
         [1.42835319e-01, 1.50989056e-01, 1.27612531e-01, ...,
          6.07545197e-01, 6.32709622e-01, 4.70452189e-01],
         [1.30139649e-01, 1.27208725e-01, 1.21810801e-01, ...,
          4.47630286e-01, 4.81119096e-01, 3.48893344e-01]]]],
      dtype=float32), 'failed_action': None, 'flip_count': 593, 'success_ratio': 0.2683257918552036, 'reward': -77.29388592216617, 'target_image': array([[[[0.22745098, 0.23529412, 0.2509804 , ..., 0.30588236,
          0.4627451 , 0.4392157 ],
         [0.23137255, 0.23529412, 0.24313726, ..., 0.27450982,
          0.35686275, 0.35686275],
         [0.21568628, 0.20784314, 0.23529412, ..., 0.27058825,
          0.2627451 , 0.3254902 ],
         ...,
         [0.10196079, 0.09019608, 0.11372549, ..., 0.70980394,
          0.7019608 , 0.6392157 ],
         [0.09411765, 0.09411765, 0.13333334, ..., 0.6627451 ,
          0.6627451 , 0.6509804 ],
         [0.11372549, 0.1254902 , 0.16862746, ..., 0.60784316,
          0.6431373 , 0.6666667 ]]]], dtype=float32), 'simulation_result': array([[[0.24055912, 0.2736431 , 0.29194382, ..., 0.29341695,
         0.33431917, 0.3524068 ],
        [0.2607646 , 0.26619875, 0.3201958 , ..., 0.3777045 ,
         0.39416558, 0.36766028],
        [0.23098958, 0.26032495, 0.24608779, ..., 0.3504421 ,
         0.40540144, 0.3580264 ],
        ...,
        [0.12589394, 0.10570928, 0.11087857, ..., 0.6822381 ,
         0.6497616 , 0.41482478],
        [0.14283532, 0.15098906, 0.12761253, ..., 0.6075452 ,
         0.6327096 , 0.4704522 ],
        [0.13013965, 0.12720872, 0.1218108 , ..., 0.4476303 ,
         0.4811191 , 0.34889334]],

       [[0.24055912, 0.2736431 , 0.29194382, ..., 0.29341695,
         0.33431917, 0.3524068 ],
        [0.2607646 , 0.26619875, 0.3201958 , ..., 0.3777045 ,
         0.39416558, 0.36766028],
        [0.23098958, 0.26032495, 0.24608779, ..., 0.3504421 ,
         0.40540144, 0.3580264 ],
        ...,
        [0.12589394, 0.10570928, 0.11087857, ..., 0.6822381 ,
         0.6497616 , 0.41482478],
        [0.14283532, 0.15098906, 0.12761253, ..., 0.6075452 ,
         0.6327096 , 0.4704522 ],
        [0.13013965, 0.12720872, 0.1218108 , ..., 0.4476303 ,
         0.4811191 , 0.34889334]],

       [[0.24055912, 0.2736431 , 0.29194382, ..., 0.29341695,
         0.33431917, 0.3524068 ],
        [0.2607646 , 0.26619875, 0.3201958 , ..., 0.3777045 ,
         0.39416558, 0.36766028],
        [0.23098958, 0.26032495, 0.24608779, ..., 0.3504421 ,
         0.40540144, 0.3580264 ],
        ...,
        [0.12589394, 0.10570928, 0.11087857, ..., 0.6822381 ,
         0.6497616 , 0.41482478],
        [0.14283532, 0.15098906, 0.12761253, ..., 0.6075452 ,
         0.6327096 , 0.4704522 ],
        [0.13013965, 0.12720872, 0.1218108 , ..., 0.4476303 ,
         0.4811191 , 0.34889334]],

       ...,

       [[0.24055912, 0.2736431 , 0.29194382, ..., 0.29341695,
         0.33431917, 0.3524068 ],
        [0.2607646 , 0.26619875, 0.3201958 , ..., 0.3777045 ,
         0.39416558, 0.36766028],
        [0.23098958, 0.26032495, 0.24608779, ..., 0.3504421 ,
         0.40540144, 0.3580264 ],
        ...,
        [0.12589394, 0.10570928, 0.11087857, ..., 0.6822381 ,
         0.6497616 , 0.41482478],
        [0.14283532, 0.15098906, 0.12761253, ..., 0.6075452 ,
         0.6327096 , 0.4704522 ],
        [0.13013965, 0.12720872, 0.1218108 , ..., 0.4476303 ,
         0.4811191 , 0.34889334]],

       [[0.24055912, 0.2736431 , 0.29194382, ..., 0.29341695,
         0.33431917, 0.3524068 ],
        [0.2607646 , 0.26619875, 0.3201958 , ..., 0.3777045 ,
         0.39416558, 0.36766028],
        [0.23098958, 0.26032495, 0.24608779, ..., 0.3504421 ,
         0.40540144, 0.3580264 ],
        ...,
        [0.12589394, 0.10570928, 0.11087857, ..., 0.6822381 ,
         0.6497616 , 0.41482478],
        [0.14283532, 0.15098906, 0.12761253, ..., 0.6075452 ,
         0.6327096 , 0.4704522 ],
        [0.13013965, 0.12720872, 0.1218108 , ..., 0.4476303 ,
         0.4811191 , 0.34889334]],

       [[0.24055912, 0.2736431 , 0.29194382, ..., 0.29341695,
         0.33431917, 0.3524068 ],
        [0.2607646 , 0.26619875, 0.3201958 , ..., 0.3777045 ,
         0.39416558, 0.36766028],
        [0.23098958, 0.26032495, 0.24608779, ..., 0.3504421 ,
         0.40540144, 0.3580264 ],
        ...,
        [0.12589394, 0.10570928, 0.11087857, ..., 0.6822381 ,
         0.6497616 , 0.41482478],
        [0.14283532, 0.15098906, 0.12761253, ..., 0.6075452 ,
         0.6327096 , 0.4704522 ],
        [0.13013965, 0.12720872, 0.1218108 , ..., 0.4476303 ,
         0.4811191 , 0.34889334]]], dtype=float32), 'action_coords': (2, 208, 5), 'step': 2210}
